gvxrStatus:	Create window 0
0 0 500 500
OpenGL renderer:   GeForce GTX 1070 Ti/PCIe/SSE2
OpenGL version:    4.6.0 NVIDIA 415.27
OpenGL vender:     NVIDIA Corporation
Use OpenGL 3.2 or above.
0 0 512 512
INIT RENDER
MaxScene	3	0
$ColladaAutoName$_0	0	0
node-Bones	9	0
node-Bo_Wrist	5	0
node-Bo_Lit	1	0
node-Bo_Lit_Meta	1	0
node-Bo_Lit_Prox	1	0
node-Bo_Lit_Midd	1	0
node-Bo_Lit_Dist	0	0
node-Bo_Thi	1	0
node-Bo_Thi_Meta	1	0
node-Bo_Thi_Prox	1	0
node-Bo_Thi_Midd	1	0
node-Bo_Thi_Dist	0	0
node-Bo_Middle	1	0
node-Bo_Mid_Meta	1	0
node-Bo_Mid_Prox	1	0
node-Bo_Mid_Midd	1	0
node-Bo_Mid_Dist	0	0
node-Bo_Index	1	0
node-Bo_Ind_Meta	1	0
node-Bo_Ind_Midd	1	0
node-Bo_Ind_Prox	1	0
node-Bo_Ind_Dist	0	0
node-Thumb	1	0
node-Bo_Thu_Meta	1	0
node-Bo_Thu_Proxi	1	0
node-Bone005	0	0
node-Bo_Lunate_Helper	1	0
node-Bo_Lunate	0	0
node-Bo_Pisiform_Helper	1	0
node-Bo_Pisiform	0	0
node-Bo_Scaphoid_Helper	1	0
node-Bo_Scaphoid	0	0
node-Bo_Trapeziu_Helper	1	0
node-Bo_Trapeziu	0	0
node-Bo_Triangul_Helper	1	0
node-Bo_Triangul	0	0
node-Bo_Capitate_Helper	1	0
node-Bo_Capitate	0	0
node-Bo_Hamate_Helper	1	0
node-Bo_Hamate	0	0
node-Bo_Trapezio_Helper	1	0
node-Bo_Trapezio	0	0
node-Geometry	13	0
node-Trapezio	0	1
node-Hamate	0	1
node-Trapeziu	0	1
node-Pisiform	0	1
node-Ind_Meta	1	1
node-Ind_Prox	1	1
node-Ind_Midd	1	1
node-Ind_Dist	0	1
node-Capitate	0	1
node-Mid_Meta	1	1
node-Mid_Prox	1	1
node-Mid_Midd	1	1
node-Mid_Dist	0	1
node-Thi_Meta	1	1
node-Thi_Prox	1	1
node-Thi_Midd	1	1
node-Thi_Dist	0	1
node-Lit_Meta	1	1
node-Lit_Prox	1	1
node-Lit_Midd	1	1
node-Lit_Dist	0	1
node-Scaphoid	0	1
node-Lunate	0	1
node-Triangul	0	1
node-Thu_Meta	1	1
node-Thu_Prox	1	1
node-Thu_Dist	0	1
Minimising...
Prediction: [105, 136, -16, -13, -16, -15, 8, -2, 9, -17, -17, 13, 9, -11, 8, -11, 20, 17, -12, 2, 10, -2, -14, 5, 18, 12, 11, -12, 6, 1, 3, -7, -2, -19, 14, 20, -12, 12, -12, -20, -3, 6, 12, 14, 18, 15, -12, -13, 6, -11]
Target:  [100, 140, 0, 20, 0, -10, 0, 0, 5, 0, 0, 5, 0, 0, 0, 0, 0, 0, 0, 0, 0, 0, 0, 0, 0, 0, 0, 0, 0, 0, 0, 0, 0, 0, 0, 0, 0, 0, 0, 0, 0, 0, 0, 0, 0, 0, 0, 0, 0, 0]
SOD and SDD errors:  [5, 4]
Metrics: 
 SSIM: 0.99998209 	 MAE: 0.00064863 	 RMSE: 0.00181608 	 RE: 0.00000811 	 ZNCC: 0.47894791
   SOD  SOD Error  SDD  SDD Error  \
0  105          5  136          4   

                                     Rotating Angles      SSIM       MAE  \
0  [-16.0, -13.0, -16.0, -15.0, 8.0, -2.0, 9.0, -...  0.999982  0.000649   

       RMSE  Relative Error      ZNCC       Time  
0  0.001816        0.000008  0.478948  71.191189  
Minimising...
Prediction: [242, 298, 1, -3, -17, -1, 11, -20, 0, -10, 3, -10, 15, 3, 14, -7, 5, -16, 8, 1, -9, 3, -12, -18, -5, 2, -4, 5, -17, -11, -1, 15, -16, -4, 1, -8, 15, 2, -12, -10, 20, -18, -8, -18, -18, -15, -1, -20, -16, 11]
Target:  [100, 140, 0, 20, 0, -10, 0, 0, 5, 0, 0, 5, 0, 0, 0, 0, 0, 0, 0, 0, 0, 0, 0, 0, 0, 0, 0, 0, 0, 0, 0, 0, 0, 0, 0, 0, 0, 0, 0, 0, 0, 0, 0, 0, 0, 0, 0, 0, 0, 0]
SOD and SDD errors:  [142, 158]
Metrics: 
 SSIM: 0.99998128 	 MAE: 0.00051318 	 RMSE: 0.00149684 	 RE: 0.00000642 	 ZNCC: 0.77511746
   SOD  SOD Error  SDD  SDD Error  \
0  105          5  136          4   
1  242        142  298        158   

                                     Rotating Angles      SSIM       MAE  \
0  [-16.0, -13.0, -16.0, -15.0, 8.0, -2.0, 9.0, -...  0.999982  0.000649   
1  [1.0, -3.0, -17.0, -1.0, 11.0, -20.0, 0.0, -10...  0.999981  0.000513   

       RMSE  Relative Error      ZNCC       Time  
0  0.001816        0.000008  0.478948  71.191189  
1  0.001497        0.000006  0.775117  71.969375  
Minimising...
Prediction: [448, 532, 1, 0, 8, -1, -11, 5, 14, 5, 17, -14, 1, -18, 8, 6, 4, 20, 15, 1, -10, -9, -8, -10, 4, 16, 20, -18, -7, -4, 5, -18, -17, 3, 3, 7, -13, -7, -9, -10, 14, -20, -18, -6, 7, 14, -10, -10, -16, 11]
Target:  [100, 140, 0, 20, 0, -10, 0, 0, 5, 0, 0, 5, 0, 0, 0, 0, 0, 0, 0, 0, 0, 0, 0, 0, 0, 0, 0, 0, 0, 0, 0, 0, 0, 0, 0, 0, 0, 0, 0, 0, 0, 0, 0, 0, 0, 0, 0, 0, 0, 0]
SOD and SDD errors:  [348, 392]
Metrics: 
 SSIM: 0.99998214 	 MAE: 0.00053336 	 RMSE: 0.00160447 	 RE: 0.00000667 	 ZNCC: 0.64540761
   SOD  SOD Error  SDD  SDD Error  \
0  105          5  136          4   
1  242        142  298        158   
2  448        348  532        392   

                                     Rotating Angles      SSIM       MAE  \
0  [-16.0, -13.0, -16.0, -15.0, 8.0, -2.0, 9.0, -...  0.999982  0.000649   
1  [1.0, -3.0, -17.0, -1.0, 11.0, -20.0, 0.0, -10...  0.999981  0.000513   
2  [1.0, 0.0, 8.0, -1.0, -11.0, 5.0, 14.0, 5.0, 1...  0.999982  0.000533   

       RMSE  Relative Error      ZNCC       Time  
0  0.001816        0.000008  0.478948  71.191189  
1  0.001497        0.000006  0.775117  71.969375  
2  0.001604        0.000007  0.645408  77.356007  
Minimising...
Prediction: [430, 489, -5, 10, 7, 9, 11, 20, 9, 15, -9, 6, 14, 0, -9, 13, -20, -17, 9, 14, 11, -15, 13, 6, 6, 17, -20, 6, 12, -5, 1, -4, -8, 19, -17, -18, 5, -2, -6, -18, 10, -16, 20, -9, 20, -11, 0, 20, -10, -16]
Target:  [100, 140, 0, 20, 0, -10, 0, 0, 5, 0, 0, 5, 0, 0, 0, 0, 0, 0, 0, 0, 0, 0, 0, 0, 0, 0, 0, 0, 0, 0, 0, 0, 0, 0, 0, 0, 0, 0, 0, 0, 0, 0, 0, 0, 0, 0, 0, 0, 0, 0]
SOD and SDD errors:  [330, 349]
Metrics: 
 SSIM: 0.99998371 	 MAE: 0.00049934 	 RMSE: 0.00160414 	 RE: 0.00000624 	 ZNCC: 0.65870527
   SOD  SOD Error  SDD  SDD Error  \
0  105          5  136          4   
1  242        142  298        158   
2  448        348  532        392   
3  430        330  489        349   

                                     Rotating Angles      SSIM       MAE  \
0  [-16.0, -13.0, -16.0, -15.0, 8.0, -2.0, 9.0, -...  0.999982  0.000649   
1  [1.0, -3.0, -17.0, -1.0, 11.0, -20.0, 0.0, -10...  0.999981  0.000513   
2  [1.0, 0.0, 8.0, -1.0, -11.0, 5.0, 14.0, 5.0, 1...  0.999982  0.000533   
3  [-5.0, 10.0, 7.0, 9.0, 11.0, 20.0, 9.0, 15.0, ...  0.999984  0.000499   

       RMSE  Relative Error      ZNCC       Time  
0  0.001816        0.000008  0.478948  71.191189  
1  0.001497        0.000006  0.775117  71.969375  
2  0.001604        0.000007  0.645408  77.356007  
3  0.001604        0.000006  0.658705  79.774080  
Minimising...
Prediction: [545, 751, 12, -17, 18, 5, 18, 17, -8, 4, 12, 5, -20, 11, -7, -8, 7, -7, 11, -10, 11, -12, -4, 10, 0, -11, 17, 1, -8, -1, -2, 9, 2, -12, -14, -11, 3, 12, 7, -10, 17, 5, 6, -5, 10, -19, -2, -9, -17, 17]
Target:  [100, 140, 0, 20, 0, -10, 0, 0, 5, 0, 0, 5, 0, 0, 0, 0, 0, 0, 0, 0, 0, 0, 0, 0, 0, 0, 0, 0, 0, 0, 0, 0, 0, 0, 0, 0, 0, 0, 0, 0, 0, 0, 0, 0, 0, 0, 0, 0, 0, 0]
SOD and SDD errors:  [445, 611]
Metrics: 
 SSIM: 0.99998320 	 MAE: 0.00053805 	 RMSE: 0.00151573 	 RE: 0.00000673 	 ZNCC: 0.77732029
   SOD  SOD Error  SDD  SDD Error  \
0  105          5  136          4   
1  242        142  298        158   
2  448        348  532        392   
3  430        330  489        349   
4  545        445  751        611   

                                     Rotating Angles      SSIM       MAE  \
0  [-16.0, -13.0, -16.0, -15.0, 8.0, -2.0, 9.0, -...  0.999982  0.000649   
1  [1.0, -3.0, -17.0, -1.0, 11.0, -20.0, 0.0, -10...  0.999981  0.000513   
2  [1.0, 0.0, 8.0, -1.0, -11.0, 5.0, 14.0, 5.0, 1...  0.999982  0.000533   
3  [-5.0, 10.0, 7.0, 9.0, 11.0, 20.0, 9.0, 15.0, ...  0.999984  0.000499   
4  [12.0, -17.0, 18.0, 5.0, 18.0, 17.0, -8.0, 4.0...  0.999983  0.000538   

       RMSE  Relative Error      ZNCC       Time  
0  0.001816        0.000008  0.478948  71.191189  
1  0.001497        0.000006  0.775117  71.969375  
2  0.001604        0.000007  0.645408  77.356007  
3  0.001604        0.000006  0.658705  79.774080  
4  0.001516        0.000007  0.777320  79.912841  
Minimising...
Prediction: [473, 670, -17, -20, 11, -12, 19, 18, 7, -9, 17, -13, -20, -1, 3, -14, 11, 18, 10, 4, -17, -18, 6, 12, -17, -4, 4, 3, 9, 2, 6, 16, -16, -14, 5, -3, -13, -13, -14, 3, -8, 18, -7, 5, -1, -20, 13, 10, -5, -18]
Target:  [100, 140, 0, 20, 0, -10, 0, 0, 5, 0, 0, 5, 0, 0, 0, 0, 0, 0, 0, 0, 0, 0, 0, 0, 0, 0, 0, 0, 0, 0, 0, 0, 0, 0, 0, 0, 0, 0, 0, 0, 0, 0, 0, 0, 0, 0, 0, 0, 0, 0]
SOD and SDD errors:  [373, 530]
Metrics: 
 SSIM: 0.99998216 	 MAE: 0.00070120 	 RMSE: 0.00188712 	 RE: 0.00000877 	 ZNCC: 0.42724051
   SOD  SOD Error  SDD  SDD Error  \
0  105          5  136          4   
1  242        142  298        158   
2  448        348  532        392   
3  430        330  489        349   
4  545        445  751        611   
5  473        373  670        530   

                                     Rotating Angles      SSIM       MAE  \
0  [-16.0, -13.0, -16.0, -15.0, 8.0, -2.0, 9.0, -...  0.999982  0.000649   
1  [1.0, -3.0, -17.0, -1.0, 11.0, -20.0, 0.0, -10...  0.999981  0.000513   
2  [1.0, 0.0, 8.0, -1.0, -11.0, 5.0, 14.0, 5.0, 1...  0.999982  0.000533   
3  [-5.0, 10.0, 7.0, 9.0, 11.0, 20.0, 9.0, 15.0, ...  0.999984  0.000499   
4  [12.0, -17.0, 18.0, 5.0, 18.0, 17.0, -8.0, 4.0...  0.999983  0.000538   
5  [-17.0, -20.0, 11.0, -12.0, 19.0, 18.0, 7.0, -...  0.999982  0.000701   

       RMSE  Relative Error      ZNCC       Time  
0  0.001816        0.000008  0.478948  71.191189  
1  0.001497        0.000006  0.775117  71.969375  
2  0.001604        0.000007  0.645408  77.356007  
3  0.001604        0.000006  0.658705  79.774080  
4  0.001516        0.000007  0.777320  79.912841  
5  0.001887        0.000009  0.427241  70.476700  
Minimising...
Prediction: [473, 643, 16, -7, 8, 13, -8, -18, 14, 19, -18, 2, -17, 17, 5, -11, -18, 10, -20, -9, -9, 13, 13, 17, 19, -6, -17, -4, 10, -18, -12, -14, -13, 18, -5, 17, -17, -19, -5, 7, 13, 5, 5, 8, -19, -1, 3, -17, 1, 2]
Target:  [100, 140, 0, 20, 0, -10, 0, 0, 5, 0, 0, 5, 0, 0, 0, 0, 0, 0, 0, 0, 0, 0, 0, 0, 0, 0, 0, 0, 0, 0, 0, 0, 0, 0, 0, 0, 0, 0, 0, 0, 0, 0, 0, 0, 0, 0, 0, 0, 0, 0]
SOD and SDD errors:  [373, 503]
Metrics: 
 SSIM: 0.99998309 	 MAE: 0.00053981 	 RMSE: 0.00154174 	 RE: 0.00000675 	 ZNCC: 0.75768649
   SOD  SOD Error  SDD  SDD Error  \
0  105          5  136          4   
1  242        142  298        158   
2  448        348  532        392   
3  430        330  489        349   
4  545        445  751        611   
5  473        373  670        530   
6  473        373  643        503   

                                     Rotating Angles      SSIM       MAE  \
0  [-16.0, -13.0, -16.0, -15.0, 8.0, -2.0, 9.0, -...  0.999982  0.000649   
1  [1.0, -3.0, -17.0, -1.0, 11.0, -20.0, 0.0, -10...  0.999981  0.000513   
2  [1.0, 0.0, 8.0, -1.0, -11.0, 5.0, 14.0, 5.0, 1...  0.999982  0.000533   
3  [-5.0, 10.0, 7.0, 9.0, 11.0, 20.0, 9.0, 15.0, ...  0.999984  0.000499   
4  [12.0, -17.0, 18.0, 5.0, 18.0, 17.0, -8.0, 4.0...  0.999983  0.000538   
5  [-17.0, -20.0, 11.0, -12.0, 19.0, 18.0, 7.0, -...  0.999982  0.000701   
6  [16.0, -7.0, 8.0, 13.0, -8.0, -18.0, 14.0, 19....  0.999983  0.000540   

       RMSE  Relative Error      ZNCC       Time  
0  0.001816        0.000008  0.478948  71.191189  
1  0.001497        0.000006  0.775117  71.969375  
2  0.001604        0.000007  0.645408  77.356007  
3  0.001604        0.000006  0.658705  79.774080  
4  0.001516        0.000007  0.777320  79.912841  
5  0.001887        0.000009  0.427241  70.476700  
6  0.001542        0.000007  0.757686  73.288830  
Minimising...
Prediction: [87, 107, -8, 16, 16, -13, 18, 17, -20, -14, -20, -17, 5, -4, -7, -5, 14, -12, -3, -7, 0, 19, -18, 2, -17, -1, 8, 10, -9, -18, 18, -7, 15, 5, -1, -16, -11, 10, -9, -13, -16, -1, -15, -14, -11, 20, -15, -8, -17, -15]
Target:  [100, 140, 0, 20, 0, -10, 0, 0, 5, 0, 0, 5, 0, 0, 0, 0, 0, 0, 0, 0, 0, 0, 0, 0, 0, 0, 0, 0, 0, 0, 0, 0, 0, 0, 0, 0, 0, 0, 0, 0, 0, 0, 0, 0, 0, 0, 0, 0, 0, 0]
SOD and SDD errors:  [13, 33]
Metrics: 
 SSIM: 0.99998490 	 MAE: 0.00048371 	 RMSE: 0.00158111 	 RE: 0.00000605 	 ZNCC: 0.65811434
   SOD  SOD Error  SDD  SDD Error  \
0  105          5  136          4   
1  242        142  298        158   
2  448        348  532        392   
3  430        330  489        349   
4  545        445  751        611   
5  473        373  670        530   
6  473        373  643        503   
7   87         13  107         33   

                                     Rotating Angles      SSIM       MAE  \
0  [-16.0, -13.0, -16.0, -15.0, 8.0, -2.0, 9.0, -...  0.999982  0.000649   
1  [1.0, -3.0, -17.0, -1.0, 11.0, -20.0, 0.0, -10...  0.999981  0.000513   
2  [1.0, 0.0, 8.0, -1.0, -11.0, 5.0, 14.0, 5.0, 1...  0.999982  0.000533   
3  [-5.0, 10.0, 7.0, 9.0, 11.0, 20.0, 9.0, 15.0, ...  0.999984  0.000499   
4  [12.0, -17.0, 18.0, 5.0, 18.0, 17.0, -8.0, 4.0...  0.999983  0.000538   
5  [-17.0, -20.0, 11.0, -12.0, 19.0, 18.0, 7.0, -...  0.999982  0.000701   
6  [16.0, -7.0, 8.0, 13.0, -8.0, -18.0, 14.0, 19....  0.999983  0.000540   
7  [-8.0, 16.0, 16.0, -13.0, 18.0, 17.0, -20.0, -...  0.999985  0.000484   

       RMSE  Relative Error      ZNCC       Time  
0  0.001816        0.000008  0.478948  71.191189  
1  0.001497        0.000006  0.775117  71.969375  
2  0.001604        0.000007  0.645408  77.356007  
3  0.001604        0.000006  0.658705  79.774080  
4  0.001516        0.000007  0.777320  79.912841  
5  0.001887        0.000009  0.427241  70.476700  
6  0.001542        0.000007  0.757686  73.288830  
7  0.001581        0.000006  0.658114  76.221357  
Minimising...
Prediction: [346, 464, 16, 8, -10, -19, 2, -6, -20, 19, 9, 11, 19, -16, -20, -5, 3, -6, -15, 11, -6, 10, 13, 6, -19, 14, -19, 17, -2, -13, 3, -9, -20, 13, -6, -4, 14, -17, -14, -7, -13, 6, 0, -12, 12, -6, 14, -2, -17, 16]
Target:  [100, 140, 0, 20, 0, -10, 0, 0, 5, 0, 0, 5, 0, 0, 0, 0, 0, 0, 0, 0, 0, 0, 0, 0, 0, 0, 0, 0, 0, 0, 0, 0, 0, 0, 0, 0, 0, 0, 0, 0, 0, 0, 0, 0, 0, 0, 0, 0, 0, 0]
SOD and SDD errors:  [246, 324]
Metrics: 
 SSIM: 0.99998278 	 MAE: 0.00054236 	 RMSE: 0.00157984 	 RE: 0.00000678 	 ZNCC: 0.72653957
   SOD  SOD Error  SDD  SDD Error  \
0  105          5  136          4   
1  242        142  298        158   
2  448        348  532        392   
3  430        330  489        349   
4  545        445  751        611   
5  473        373  670        530   
6  473        373  643        503   
7   87         13  107         33   
8  346        246  464        324   

                                     Rotating Angles      SSIM       MAE  \
0  [-16.0, -13.0, -16.0, -15.0, 8.0, -2.0, 9.0, -...  0.999982  0.000649   
1  [1.0, -3.0, -17.0, -1.0, 11.0, -20.0, 0.0, -10...  0.999981  0.000513   
2  [1.0, 0.0, 8.0, -1.0, -11.0, 5.0, 14.0, 5.0, 1...  0.999982  0.000533   
3  [-5.0, 10.0, 7.0, 9.0, 11.0, 20.0, 9.0, 15.0, ...  0.999984  0.000499   
4  [12.0, -17.0, 18.0, 5.0, 18.0, 17.0, -8.0, 4.0...  0.999983  0.000538   
5  [-17.0, -20.0, 11.0, -12.0, 19.0, 18.0, 7.0, -...  0.999982  0.000701   
6  [16.0, -7.0, 8.0, 13.0, -8.0, -18.0, 14.0, 19....  0.999983  0.000540   
7  [-8.0, 16.0, 16.0, -13.0, 18.0, 17.0, -20.0, -...  0.999985  0.000484   
8  [16.0, 8.0, -10.0, -19.0, 2.0, -6.0, -20.0, 19...  0.999983  0.000542   

       RMSE  Relative Error      ZNCC       Time  
0  0.001816        0.000008  0.478948  71.191189  
1  0.001497        0.000006  0.775117  71.969375  
2  0.001604        0.000007  0.645408  77.356007  
3  0.001604        0.000006  0.658705  79.774080  
4  0.001516        0.000007  0.777320  79.912841  
5  0.001887        0.000009  0.427241  70.476700  
6  0.001542        0.000007  0.757686  73.288830  
7  0.001581        0.000006  0.658114  76.221357  
8  0.001580        0.000007  0.726540  75.283107  
Minimising...
Prediction: [446, 499, 4, -2, 20, -4, 9, 8, 5, 3, 2, -11, 4, -1, 18, -10, 20, 14, 7, -1, -15, -18, 7, -2, -10, 8, 9, 19, -20, -11, 2, -9, 2, 14, -3, -20, -2, -20, -15, -17, 14, 5, -3, -6, -5, 4, 3, 12, -6, -12]
Target:  [100, 140, 0, 20, 0, -10, 0, 0, 5, 0, 0, 5, 0, 0, 0, 0, 0, 0, 0, 0, 0, 0, 0, 0, 0, 0, 0, 0, 0, 0, 0, 0, 0, 0, 0, 0, 0, 0, 0, 0, 0, 0, 0, 0, 0, 0, 0, 0, 0, 0]
SOD and SDD errors:  [346, 359]
Metrics: 
 SSIM: 0.99998239 	 MAE: 0.00061789 	 RMSE: 0.00180224 	 RE: 0.00000772 	 ZNCC: 0.39254161
   SOD  SOD Error  SDD  SDD Error  \
0  105          5  136          4   
1  242        142  298        158   
2  448        348  532        392   
3  430        330  489        349   
4  545        445  751        611   
5  473        373  670        530   
6  473        373  643        503   
7   87         13  107         33   
8  346        246  464        324   
9  446        346  499        359   

                                     Rotating Angles      SSIM       MAE  \
0  [-16.0, -13.0, -16.0, -15.0, 8.0, -2.0, 9.0, -...  0.999982  0.000649   
1  [1.0, -3.0, -17.0, -1.0, 11.0, -20.0, 0.0, -10...  0.999981  0.000513   
2  [1.0, 0.0, 8.0, -1.0, -11.0, 5.0, 14.0, 5.0, 1...  0.999982  0.000533   
3  [-5.0, 10.0, 7.0, 9.0, 11.0, 20.0, 9.0, 15.0, ...  0.999984  0.000499   
4  [12.0, -17.0, 18.0, 5.0, 18.0, 17.0, -8.0, 4.0...  0.999983  0.000538   
5  [-17.0, -20.0, 11.0, -12.0, 19.0, 18.0, 7.0, -...  0.999982  0.000701   
6  [16.0, -7.0, 8.0, 13.0, -8.0, -18.0, 14.0, 19....  0.999983  0.000540   
7  [-8.0, 16.0, 16.0, -13.0, 18.0, 17.0, -20.0, -...  0.999985  0.000484   
8  [16.0, 8.0, -10.0, -19.0, 2.0, -6.0, -20.0, 19...  0.999983  0.000542   
9  [4.0, -2.0, 20.0, -4.0, 9.0, 8.0, 5.0, 3.0, 2....  0.999982  0.000618   

       RMSE  Relative Error      ZNCC       Time  
0  0.001816        0.000008  0.478948  71.191189  
1  0.001497        0.000006  0.775117  71.969375  
2  0.001604        0.000007  0.645408  77.356007  
3  0.001604        0.000006  0.658705  79.774080  
4  0.001516        0.000007  0.777320  79.912841  
5  0.001887        0.000009  0.427241  70.476700  
6  0.001542        0.000007  0.757686  73.288830  
7  0.001581        0.000006  0.658114  76.221357  
8  0.001580        0.000007  0.726540  75.283107  
9  0.001802        0.000008  0.392542  79.904518  
Saving to csv file...
Prediction: [371, 468.2944904280241, 2.938085867837835, 10.761599442138252, -6.554457849132865, -2.585781972966652, 2.133068526934583, -4.084013186363707, -0.9708130273788911, -1.5135860428238126, -4.367362210686384, 4.5865395919101815, -3.4303219751219696, 2.3299725337417567, 1.5041731117812815, -0.4191982862240191, 1.9831589623985646, 4.1887474507873375, -0.548349865419832, -1.2565545110875767, -2.998613449974312, 6.553492915593473, -4.340520189758706, -7.0269919819076385, -5.850680318111374, -4.5552971491857805, 6.133872303327689, -6.872427924847428, 0.3794965024095694, -1.7819192976785647, 3.4505384044129843, -1.0139748380368239, -5.029606136360906, -1.0037148864088121, -1.2255227436878187, -4.778224400824322, -7.016201052384887, 4.596580044013789, 2.840843018620446, -3.8208682980847115, 1.7622964521936788, 1.4230543979480528, -0.8823060484043119, 1.92020414676464, -1.902426876098721, 5.988203507324065, -7.018565103523545, -0.5616603558597223, -0.1650907146807625, 0.814929606926845]
Target:  [100, 140, 0, 20, 0, -10, 0, 0, 5, 0, 0, 5, 0, 0, 0, 0, 0, 0, 0, 0, 0, 0, 0, 0, 0, 0, 0, 0, 0, 0, 0, 0, 0, 0, 0, 0, 0, 0, 0, 0, 0, 0, 0, 0, 0, 0, 0, 0, 0, 0]
SOD and SDD errors:  [271, 328.2944904280241]
Metrics: 
 SSIM: 0.99998399 	 MAE: 0.00037799 	 RMSE: 0.00120412 	 RE: 0.00000473 	 ZNCC: 1.00331388
   SOD  SOD Error        SDD  SDD Error  \
0  371        271  468.29449  328.29449   

                                     Rotating Angles      SSIM       MAE  \
0  [2.938085867837835, 10.761599442138252, -6.554...  0.999984  0.000378   

       RMSE  Relative Error      ZNCC       Time  
0  0.001204        0.000005  1.003314  64.229438  
Prediction: [342, 454.5242365866893, 4.653492159339778, -1.1538391370826764, -0.35909401241896394, -2.788899062170301, 1.14251789220419, -6.407224083491375, 5.108086568889259, -3.1621656356223347, 1.9650462453803255, 4.269906945239589, 2.975390282478149, 6.253396330642061, 5.328362966378032, 6.994724730436557, 2.017072492356777, 3.6166388908432174, 1.5973260447383935, 2.8813883540340504, -2.9599138711239985, -1.7091554052750406, 7.480940838131077, 1.4718848808936487, 0.8830622975607043, -3.2086057333264137, 1.293615613157428, 4.996252218154688, 4.4387339823411045, -2.3662938473304913, -3.475796780317904, 3.300279881424037, 5.937796240707188, 0.8892436621038433, -1.803801598050226, 0.8283946558654289, -3.699997049216288, 1.1267614566769801, -0.49922428097490074, -0.6258814265721075, -6.640721336020015, -2.404091948760711, 2.9156065168104854, -1.3930250186392374, -4.376901593718365, -2.2360439289982725, -1.5641580577133953, 3.9343123011846886, -9.486105874945629, 0.10172361837329118]
Target:  [100, 140, 0, 20, 0, -10, 0, 0, 5, 0, 0, 5, 0, 0, 0, 0, 0, 0, 0, 0, 0, 0, 0, 0, 0, 0, 0, 0, 0, 0, 0, 0, 0, 0, 0, 0, 0, 0, 0, 0, 0, 0, 0, 0, 0, 0, 0, 0, 0, 0]
SOD and SDD errors:  [242, 314.5242365866893]
Metrics: 
 SSIM: 0.99998445 	 MAE: 0.00043183 	 RMSE: 0.00120074 	 RE: 0.00000540 	 ZNCC: 1.02628437
   SOD  SOD Error         SDD   SDD Error  \
0  371        271  468.294490  328.294490   
1  342        242  454.524237  314.524237   

                                     Rotating Angles      SSIM       MAE  \
0  [2.938085867837835, 10.761599442138252, -6.554...  0.999984  0.000378   
1  [4.653492159339778, -1.1538391370826764, -0.35...  0.999984  0.000432   

       RMSE  Relative Error      ZNCC       Time  
0  0.001204        0.000005  1.003314  64.229438  
1  0.001201        0.000005  1.026284  72.433654  
Prediction: [443, 577.8436577973704, 1.5861402504145532, 11.282945648342075, -6.90694724990543, -2.7136514927570707, 0.33608412075106303, 7.6075319973609705, -0.8801456389600908, 0.14945842207523616, -4.774789303200936, 3.1606663424080454, -3.847019879001731, 0.3944770113166196, 1.1909525561682544, 0.8849909442536587, 11.073673547724074, 0.3442435154882026, 3.3102668501894006, 4.0238548493000765, 5.454648974193634, 1.2574032201604957, 0.1459641197167949, 0.41240154460774303, -2.181853019116575, 5.968954406796898, -0.4080910662535787, -0.6196197015079573, 0.43495002328794363, -2.8439179998320827, 2.4010052368883406, 9.094630967788298, -0.4382140701278269, 0.7346973492152332, 6.976461929484383, 0.061020573353538485, 8.159793660140107, 2.745116183444769, 1.6865599940119216, 2.680516609329045, 0.49855077435288864, -3.427396439218137, 2.51434889283057, -10.14335146817687, 2.878825872598379, -0.9354108850971056, -1.4497312508714493, -5.3780326035927155, -1.8074190194884288, -4.6075552880054245]
Target:  [100, 140, 0, 20, 0, -10, 0, 0, 5, 0, 0, 5, 0, 0, 0, 0, 0, 0, 0, 0, 0, 0, 0, 0, 0, 0, 0, 0, 0, 0, 0, 0, 0, 0, 0, 0, 0, 0, 0, 0, 0, 0, 0, 0, 0, 0, 0, 0, 0, 0]
SOD and SDD errors:  [343, 437.8436577973704]
Metrics: 
 SSIM: 0.99998424 	 MAE: 0.00037390 	 RMSE: 0.00116631 	 RE: 0.00000467 	 ZNCC: 1.03779280
   SOD  SOD Error         SDD   SDD Error  \
0  371        271  468.294490  328.294490   
1  342        242  454.524237  314.524237   
2  443        343  577.843658  437.843658   

                                     Rotating Angles      SSIM       MAE  \
0  [2.938085867837835, 10.761599442138252, -6.554...  0.999984  0.000378   
1  [4.653492159339778, -1.1538391370826764, -0.35...  0.999984  0.000432   
2  [1.5861402504145532, 11.282945648342075, -6.90...  0.999984  0.000374   

       RMSE  Relative Error      ZNCC       Time  
0  0.001204        0.000005  1.003314  64.229438  
1  0.001201        0.000005  1.026284  72.433654  
2  0.001166        0.000005  1.037793  73.052676  
Prediction: [395, 510.2775033036558, 3.6059337015546036, -1.8884513205832305, -5.139462469793741, -7.176019935363793, -4.4905230813680195, -6.488214012560544, 4.879015341595948, 5.673478345506338, 4.872516199749454, -5.67699739098066, 4.462043824846479, 5.022483140297059, -0.14916281314850333, -3.608587819872333, -2.1447000014095994, 1.0828798626107912, 6.462892699136997, 0.4599727440891308, -0.6685857209958294, 1.5289041491244872, 10.111599729110925, -5.400158760015942, -1.8162612491771055, -6.440333116090871, 4.740498283939506, -2.220111361856072, 11.80463801648169, -6.77543996708613, 6.652506302963421, 6.046597509092042, -2.61686299679962, 3.8371210481701445, -1.8893004330110237, 1.7276014343983768, -3.748516232471175, -3.3946705157026917, -1.5419496355872444, 0.9701655479680716, -5.8455209358248075, 1.9676677543280825, -3.4650245191407407, -4.037343123402499, -3.9259563819455634, 5.0318076936610785, -0.8664218247528934, -3.900233515286176, -2.0135971982410354, -1.3778979861542955]
Target:  [100, 140, 0, 20, 0, -10, 0, 0, 5, 0, 0, 5, 0, 0, 0, 0, 0, 0, 0, 0, 0, 0, 0, 0, 0, 0, 0, 0, 0, 0, 0, 0, 0, 0, 0, 0, 0, 0, 0, 0, 0, 0, 0, 0, 0, 0, 0, 0, 0, 0]
SOD and SDD errors:  [295, 370.2775033036558]
Metrics: 
 SSIM: 0.99998307 	 MAE: 0.00047110 	 RMSE: 0.00128731 	 RE: 0.00000589 	 ZNCC: 0.96588657
   SOD  SOD Error         SDD   SDD Error  \
0  371        271  468.294490  328.294490   
1  342        242  454.524237  314.524237   
2  443        343  577.843658  437.843658   
3  395        295  510.277503  370.277503   

                                     Rotating Angles      SSIM       MAE  \
0  [2.938085867837835, 10.761599442138252, -6.554...  0.999984  0.000378   
1  [4.653492159339778, -1.1538391370826764, -0.35...  0.999984  0.000432   
2  [1.5861402504145532, 11.282945648342075, -6.90...  0.999984  0.000374   
3  [3.6059337015546036, -1.8884513205832305, -5.1...  0.999983  0.000471   

       RMSE  Relative Error      ZNCC       Time  
0  0.001204        0.000005  1.003314  64.229438  
1  0.001201        0.000005  1.026284  72.433654  
2  0.001166        0.000005  1.037793  73.052676  
3  0.001287        0.000006  0.965887  73.014321  
Prediction: [425, 543.5833136312191, 5.234425735793739, 4.0993451185079675, 3.6237939563225035, -5.978874838102331, -2.9654490406124117, -3.2680512501743455, 3.91684539892055, -1.191835399165213, -7.19856813389992, -0.7472791084433509, -0.7944164910010625, -2.097095721659058, 0.6533015843430824, 0.8793809046946318, 6.633312050717097, -1.3137338852348077, -6.052691090844631, -8.378089567056204, -1.2200069833604763, 3.6194946785529205, -7.808668488447929, 2.873309106370541, 6.264177952397365, 0.8569268789907994, 2.029260975860338, 3.8165461097956044, -1.333231963188145, -2.339368539014214, -1.116686059204321, 7.628442570195037, 4.025765062008396, -0.019664589935582046, -1.656868395626193, -4.897979514207304, 1.064267855214028, -1.503043619727362, 0.18594786530792792, 3.460890454892634, -2.1445292238879343, 4.856325665708317, -1.4514549151361589, 5.533168517467436, 3.6855738356055063, 4.141631821871047, -1.2891968630587876, -5.936661126850965, 1.3556155513988817, -1.0069814410774158]
Target:  [100, 140, 0, 20, 0, -10, 0, 0, 5, 0, 0, 5, 0, 0, 0, 0, 0, 0, 0, 0, 0, 0, 0, 0, 0, 0, 0, 0, 0, 0, 0, 0, 0, 0, 0, 0, 0, 0, 0, 0, 0, 0, 0, 0, 0, 0, 0, 0, 0, 0]
SOD and SDD errors:  [325, 403.5833136312191]
Metrics: 
 SSIM: 0.99998479 	 MAE: 0.00042757 	 RMSE: 0.00123698 	 RE: 0.00000534 	 ZNCC: 1.00571094
   SOD  SOD Error         SDD   SDD Error  \
0  371        271  468.294490  328.294490   
1  342        242  454.524237  314.524237   
2  443        343  577.843658  437.843658   
3  395        295  510.277503  370.277503   
4  425        325  543.583314  403.583314   

                                     Rotating Angles      SSIM       MAE  \
0  [2.938085867837835, 10.761599442138252, -6.554...  0.999984  0.000378   
1  [4.653492159339778, -1.1538391370826764, -0.35...  0.999984  0.000432   
2  [1.5861402504145532, 11.282945648342075, -6.90...  0.999984  0.000374   
3  [3.6059337015546036, -1.8884513205832305, -5.1...  0.999983  0.000471   
4  [5.234425735793739, 4.0993451185079675, 3.6237...  0.999985  0.000428   

       RMSE  Relative Error      ZNCC       Time  
0  0.001204        0.000005  1.003314  64.229438  
1  0.001201        0.000005  1.026284  72.433654  
2  0.001166        0.000005  1.037793  73.052676  
3  0.001287        0.000006  0.965887  73.014321  
4  0.001237        0.000005  1.005711  72.962987  
Prediction: [410, 535.9255807311084, 4.728711170628628, 5.8796766474312, -1.4045730304825963, 4.191584121544374, 8.592228532062064, -0.22924341951460572, -1.706761299073713, 2.250222236585121, -7.9583644469999975, -3.2666368284873526, 0.7611187484451806, 7.5208141633069445, -4.806897258670873, -1.2940016616707166, 1.235192230576041, 8.260652603496938, -3.0319104991546952, -0.7329835617095702, -3.7934422736053097, 7.771218451994574, -0.6641970455452635, 1.6368843428789401, -4.8828649947198635, -2.76910505373501, 3.39777823198406, 0.7777941401043683, 0.27531904335216856, 4.505187093182947, 1.5506039640919598, 0.3695453340405177, -2.0564179073888984, -7.678574122994468, -1.4651352781040339, -2.1329125068446926, -3.3329254165576607, 4.921541691372026, 6.355432474146411, -2.939711194536765, -2.8570798038127854, -4.410114772910788, 6.730728024678256, 0.7778469186024158, 0.47116482955712524, 2.6906117264772584, -0.5116779408089897, 1.4634141539324947, -0.4754073857877307, 3.4537201609471198]
Target:  [100, 140, 0, 20, 0, -10, 0, 0, 5, 0, 0, 5, 0, 0, 0, 0, 0, 0, 0, 0, 0, 0, 0, 0, 0, 0, 0, 0, 0, 0, 0, 0, 0, 0, 0, 0, 0, 0, 0, 0, 0, 0, 0, 0, 0, 0, 0, 0, 0, 0]
SOD and SDD errors:  [310, 395.9255807311084]
Metrics: 
 SSIM: 0.99998377 	 MAE: 0.00042127 	 RMSE: 0.00123736 	 RE: 0.00000527 	 ZNCC: 0.99877908
   SOD  SOD Error         SDD   SDD Error  \
0  371        271  468.294490  328.294490   
1  342        242  454.524237  314.524237   
2  443        343  577.843658  437.843658   
3  395        295  510.277503  370.277503   
4  425        325  543.583314  403.583314   
5  410        310  535.925581  395.925581   

                                     Rotating Angles      SSIM       MAE  \
0  [2.938085867837835, 10.761599442138252, -6.554...  0.999984  0.000378   
1  [4.653492159339778, -1.1538391370826764, -0.35...  0.999984  0.000432   
2  [1.5861402504145532, 11.282945648342075, -6.90...  0.999984  0.000374   
3  [3.6059337015546036, -1.8884513205832305, -5.1...  0.999983  0.000471   
4  [5.234425735793739, 4.0993451185079675, 3.6237...  0.999985  0.000428   
5  [4.728711170628628, 5.8796766474312, -1.404573...  0.999984  0.000421   

       RMSE  Relative Error      ZNCC       Time  
0  0.001204        0.000005  1.003314  64.229438  
1  0.001201        0.000005  1.026284  72.433654  
2  0.001166        0.000005  1.037793  73.052676  
3  0.001287        0.000006  0.965887  73.014321  
4  0.001237        0.000005  1.005711  72.962987  
5  0.001237        0.000005  0.998779  72.932597  
Prediction: [378, 485.8123878749491, 4.4136598088979, 8.438925397062366, -1.8752600880497023, -3.594749808636746, 1.9669247468657156, -1.7065051769930184, -5.75281531006649, 1.4714036020449945, 1.5828420679608783, -2.1284885629071892, 0.8935478843932032, -3.2887505239332713, 1.8450764414998668, -4.430718486073346, -2.7062682947107315, 4.655134488156529, -0.08781252681550793, 3.989965901717525, 4.82333122642409, -3.832128027568705, -1.011938841761821, 5.383848094004843, -1.4311739003131605, -3.7406428370183717, -9.325638701108534, -4.091807791405803, -2.886454511092702, -4.445222718867114, 5.044289462259347, 0.5733555129058353, -2.5026590616762014, -0.6800875823533584, 7.354247295878218, 1.3830320081557108, -3.126219525918856, 3.035888482603828, 0.8319939726068645, -1.4458725116192623, 2.3811173692735985, -11.081057408481323, -1.835578064260354, 1.4229219261770027, -1.593490023947945, 9.886436927706516, 3.4901694306577, 5.111679675534569, 1.014825724034687, -2.6235857984935103]
Target:  [100, 140, 0, 20, 0, -10, 0, 0, 5, 0, 0, 5, 0, 0, 0, 0, 0, 0, 0, 0, 0, 0, 0, 0, 0, 0, 0, 0, 0, 0, 0, 0, 0, 0, 0, 0, 0, 0, 0, 0, 0, 0, 0, 0, 0, 0, 0, 0, 0, 0]
SOD and SDD errors:  [278, 345.8123878749491]
Metrics: 
 SSIM: 0.99998455 	 MAE: 0.00037403 	 RMSE: 0.00114643 	 RE: 0.00000468 	 ZNCC: 1.06103644
   SOD  SOD Error         SDD   SDD Error  \
0  371        271  468.294490  328.294490   
1  342        242  454.524237  314.524237   
2  443        343  577.843658  437.843658   
3  395        295  510.277503  370.277503   
4  425        325  543.583314  403.583314   
5  410        310  535.925581  395.925581   
6  378        278  485.812388  345.812388   

                                     Rotating Angles      SSIM       MAE  \
0  [2.938085867837835, 10.761599442138252, -6.554...  0.999984  0.000378   
1  [4.653492159339778, -1.1538391370826764, -0.35...  0.999984  0.000432   
2  [1.5861402504145532, 11.282945648342075, -6.90...  0.999984  0.000374   
3  [3.6059337015546036, -1.8884513205832305, -5.1...  0.999983  0.000471   
4  [5.234425735793739, 4.0993451185079675, 3.6237...  0.999985  0.000428   
5  [4.728711170628628, 5.8796766474312, -1.404573...  0.999984  0.000421   
6  [4.4136598088979, 8.438925397062366, -1.875260...  0.999985  0.000374   

       RMSE  Relative Error      ZNCC       Time  
0  0.001204        0.000005  1.003314  64.229438  
1  0.001201        0.000005  1.026284  72.433654  
2  0.001166        0.000005  1.037793  73.052676  
3  0.001287        0.000006  0.965887  73.014321  
4  0.001237        0.000005  1.005711  72.962987  
5  0.001237        0.000005  0.998779  72.932597  
6  0.001146        0.000005  1.061036  73.016941  
Prediction: [275, 355.1698707975173, 2.195564377737239, 6.689352628893152, -3.782230178757589, -2.1032271315167193, -1.42804950492706, 7.523053250262011, 3.113318262807782, 0.4532969921830322, 0.5934250122865057, 4.076639955566764, 1.1690305213545833, -3.6209603937560426, -0.8245344553710696, 3.527968811070494, 2.5950429365247314, 1.6637678391736856, 6.941402674163647, -1.2908358845437522, -1.102716523024005, -4.222637299847483, -5.195894820535404, 1.722636671771287, -2.535183571646755, -3.625239665969955, 1.4652858123730366, -3.051323423671643, 0.4703699241414929, -6.676483943138372, 3.5162365845486634, 0.6458487265904874, -0.2326358582529364, -0.8130348703358184, 0.7680389106266569, -4.672465355222678, -0.8362814690652178, -10.878097073340316, 1.7663642228512364, -1.8929055936957453, -1.6549640384047863, -2.9947845656158076, -0.8867237202958882, -0.33096834071026343, 4.096061288845498, -7.438149601901526, 1.334519664728827, -2.9460600318818186, -10.424073306015606, -4.835369340931587]
Target:  [100, 140, 0, 20, 0, -10, 0, 0, 5, 0, 0, 5, 0, 0, 0, 0, 0, 0, 0, 0, 0, 0, 0, 0, 0, 0, 0, 0, 0, 0, 0, 0, 0, 0, 0, 0, 0, 0, 0, 0, 0, 0, 0, 0, 0, 0, 0, 0, 0, 0]
SOD and SDD errors:  [175, 215.16987079751732]
Metrics: 
 SSIM: 0.99998300 	 MAE: 0.00043895 	 RMSE: 0.00128165 	 RE: 0.00000549 	 ZNCC: 0.95682071
   SOD  SOD Error         SDD   SDD Error  \
0  371        271  468.294490  328.294490   
1  342        242  454.524237  314.524237   
2  443        343  577.843658  437.843658   
3  395        295  510.277503  370.277503   
4  425        325  543.583314  403.583314   
5  410        310  535.925581  395.925581   
6  378        278  485.812388  345.812388   
7  275        175  355.169871  215.169871   

                                     Rotating Angles      SSIM       MAE  \
0  [2.938085867837835, 10.761599442138252, -6.554...  0.999984  0.000378   
1  [4.653492159339778, -1.1538391370826764, -0.35...  0.999984  0.000432   
2  [1.5861402504145532, 11.282945648342075, -6.90...  0.999984  0.000374   
3  [3.6059337015546036, -1.8884513205832305, -5.1...  0.999983  0.000471   
4  [5.234425735793739, 4.0993451185079675, 3.6237...  0.999985  0.000428   
5  [4.728711170628628, 5.8796766474312, -1.404573...  0.999984  0.000421   
6  [4.4136598088979, 8.438925397062366, -1.875260...  0.999985  0.000374   
7  [2.195564377737239, 6.689352628893152, -3.7822...  0.999983  0.000439   

       RMSE  Relative Error      ZNCC       Time  
0  0.001204        0.000005  1.003314  64.229438  
1  0.001201        0.000005  1.026284  72.433654  
2  0.001166        0.000005  1.037793  73.052676  
3  0.001287        0.000006  0.965887  73.014321  
4  0.001237        0.000005  1.005711  72.962987  
5  0.001237        0.000005  0.998779  72.932597  
6  0.001146        0.000005  1.061036  73.016941  
7  0.001282        0.000005  0.956821  72.914079  
Prediction: [301, 419.13598796750153, 3.9591238758737033, 4.545084587742683, -0.6128749493431337, -5.626070940913766, 0.1389183380288728, 13.489721926283826, 1.864168680217739, 0.4764069670647675, 0.5772561995573025, -6.694406683820143, -3.516335040902054, -1.9382746883138686, -3.4230362229098525, 0.8377746530141481, 3.1180813519854658, 4.101053716892066, -4.149778907284214, -2.878097955083276, -2.240523165074387, 0.695466282128087, 8.634594284755257, -5.022266455665407, 4.231227460351693, -5.539464048526982, 0.41606714321698574, 2.4149371200497796, -8.324952098871073, -6.95376949659099, 3.223859758574592, 5.339919840751997, -4.065777021237367, -2.8635067043393256, 3.928340654322825, 2.018735929201133, -0.7115477430023137, -0.13936528603235654, -1.6837430005256093, 5.577641911091781, -2.809146736724149, -1.4030846809639057, 3.044357814290643, 3.551289596128841, 7.061899216852344, -4.060403193582869, -5.782783600590125, -3.6671160170988713, 0.452465199015692, -0.9364305528032739]
Target:  [100, 140, 0, 20, 0, -10, 0, 0, 5, 0, 0, 5, 0, 0, 0, 0, 0, 0, 0, 0, 0, 0, 0, 0, 0, 0, 0, 0, 0, 0, 0, 0, 0, 0, 0, 0, 0, 0, 0, 0, 0, 0, 0, 0, 0, 0, 0, 0, 0, 0]
SOD and SDD errors:  [201, 279.13598796750153]
Metrics: 
 SSIM: 0.99998407 	 MAE: 0.00039705 	 RMSE: 0.00113612 	 RE: 0.00000496 	 ZNCC: 1.07124400
   SOD  SOD Error         SDD   SDD Error  \
0  371        271  468.294490  328.294490   
1  342        242  454.524237  314.524237   
2  443        343  577.843658  437.843658   
3  395        295  510.277503  370.277503   
4  425        325  543.583314  403.583314   
5  410        310  535.925581  395.925581   
6  378        278  485.812388  345.812388   
7  275        175  355.169871  215.169871   
8  301        201  419.135988  279.135988   

                                     Rotating Angles      SSIM       MAE  \
0  [2.938085867837835, 10.761599442138252, -6.554...  0.999984  0.000378   
1  [4.653492159339778, -1.1538391370826764, -0.35...  0.999984  0.000432   
2  [1.5861402504145532, 11.282945648342075, -6.90...  0.999984  0.000374   
3  [3.6059337015546036, -1.8884513205832305, -5.1...  0.999983  0.000471   
4  [5.234425735793739, 4.0993451185079675, 3.6237...  0.999985  0.000428   
5  [4.728711170628628, 5.8796766474312, -1.404573...  0.999984  0.000421   
6  [4.4136598088979, 8.438925397062366, -1.875260...  0.999985  0.000374   
7  [2.195564377737239, 6.689352628893152, -3.7822...  0.999983  0.000439   
8  [3.9591238758737033, 4.545084587742683, -0.612...  0.999984  0.000397   

       RMSE  Relative Error      ZNCC       Time  
0  0.001204        0.000005  1.003314  64.229438  
1  0.001201        0.000005  1.026284  72.433654  
2  0.001166        0.000005  1.037793  73.052676  
3  0.001287        0.000006  0.965887  73.014321  
4  0.001237        0.000005  1.005711  72.962987  
5  0.001237        0.000005  0.998779  72.932597  
6  0.001146        0.000005  1.061036  73.016941  
7  0.001282        0.000005  0.956821  72.914079  
8  0.001136        0.000005  1.071244  72.892472  
Prediction: [248, 321.4969301459521, 1.5361438948650834, 4.943699301225971, -5.525119743636859, -3.125544893579833, -0.897280424218578, 1.4743783101317458, 4.095121472277459, 1.6814985251843142, 6.012492184537054, -3.7994797075453524, -5.867831239191852, 2.763088525602541, 1.559188489982221, -1.4617128336071636, -7.446732543172968, 0.2356886660279987, 1.4673888436844056, 2.7232884073372174, 2.216559479085886, -1.5011723772998176, 4.72273235133236, -5.476236326571065, -2.2698291627363156, 6.740140827505634, 3.502939042436267, -0.07998962520969484, 2.5867041249936653, -1.1163808117920124, -3.2277614696401735, 8.697975387452127, 2.8091171646813566, 2.8764393077096067, -1.4437626050254146, 2.8634284584870966, 1.884862563846832, -4.566880954481977, -3.3280158761858503, 1.4183513782620956, -3.400235399383683, -4.375798227113519, -0.20489531503475608, 6.91505751750339, 2.8008995973886917, -3.8422133732316492, -1.6351384083658045, -1.6178955190788533, -1.1970909402343537, 2.8495093969757845]
Target:  [100, 140, 0, 20, 0, -10, 0, 0, 5, 0, 0, 5, 0, 0, 0, 0, 0, 0, 0, 0, 0, 0, 0, 0, 0, 0, 0, 0, 0, 0, 0, 0, 0, 0, 0, 0, 0, 0, 0, 0, 0, 0, 0, 0, 0, 0, 0, 0, 0, 0]
SOD and SDD errors:  [148, 181.4969301459521]
Metrics: 
 SSIM: 0.99998258 	 MAE: 0.00044983 	 RMSE: 0.00130159 	 RE: 0.00000562 	 ZNCC: 0.94017583
   SOD  SOD Error         SDD   SDD Error  \
0  371        271  468.294490  328.294490   
1  342        242  454.524237  314.524237   
2  443        343  577.843658  437.843658   
3  395        295  510.277503  370.277503   
4  425        325  543.583314  403.583314   
5  410        310  535.925581  395.925581   
6  378        278  485.812388  345.812388   
7  275        175  355.169871  215.169871   
8  301        201  419.135988  279.135988   
9  248        148  321.496930  181.496930   

                                     Rotating Angles      SSIM       MAE  \
0  [2.938085867837835, 10.761599442138252, -6.554...  0.999984  0.000378   
1  [4.653492159339778, -1.1538391370826764, -0.35...  0.999984  0.000432   
2  [1.5861402504145532, 11.282945648342075, -6.90...  0.999984  0.000374   
3  [3.6059337015546036, -1.8884513205832305, -5.1...  0.999983  0.000471   
4  [5.234425735793739, 4.0993451185079675, 3.6237...  0.999985  0.000428   
5  [4.728711170628628, 5.8796766474312, -1.404573...  0.999984  0.000421   
6  [4.4136598088979, 8.438925397062366, -1.875260...  0.999985  0.000374   
7  [2.195564377737239, 6.689352628893152, -3.7822...  0.999983  0.000439   
8  [3.9591238758737033, 4.545084587742683, -0.612...  0.999984  0.000397   
9  [1.5361438948650834, 4.943699301225971, -5.525...  0.999983  0.000450   

       RMSE  Relative Error      ZNCC       Time  
0  0.001204        0.000005  1.003314  64.229438  
1  0.001201        0.000005  1.026284  72.433654  
2  0.001166        0.000005  1.037793  73.052676  
3  0.001287        0.000006  0.965887  73.014321  
4  0.001237        0.000005  1.005711  72.962987  
5  0.001237        0.000005  0.998779  72.932597  
6  0.001146        0.000005  1.061036  73.016941  
7  0.001282        0.000005  0.956821  72.914079  
8  0.001136        0.000005  1.071244  72.892472  
9  0.001302        0.000006  0.940176  72.893250  
Saving to csv file...
Prediction: [283, 383.97518918921327, 2.058311471006977, 17.631897863465333, 2.8656473921759016, 17.935168866285657, -12.083072856854308, -9.948699542551317, -12.598300944601917, -7.513581630255262, -12.484496319081977, 3.580494056356901, 16.112318351086344, 3.646293519493831, -6.6900360847763665, 6.188790383666639, 13.034595986408185, -2.4636148741016655, 15.888972794722363, -14.424191094311759, 18.614684361317188, 12.838684199321818, -2.9547857332534306, 3.347108400178559, 2.1237772226799443, -8.795064474292191, 16.76312983675072, 16.30592266147567, -17.031436509934366, -17.690261724584495, 4.33820126456682, -9.661105213388517, -19.94343746606377, 10.57031085739808, 13.572618558856135, -1.3233494730766395, -14.020768777199537, 11.695444154710334, -3.3469444813596496, 0.09980351428155032, -4.602725106955173, -16.207185402239478, 15.302837153806394, -11.603541907953637, 2.7005090177267554, 7.7569129239621475, -14.601680737359771, 8.574367308369844, -13.23315149752506, 13.161908161763485]
Target:  [100, 140, 0, 20, 0, -10, 0, 0, 5, 0, 0, 5, 0, 0, 0, 0, 0, 0, 0, 0, 0, 0, 0, 0, 0, 0, 0, 0, 0, 0, 0, 0, 0, 0, 0, 0, 0, 0, 0, 0, 0, 0, 0, 0, 0, 0, 0, 0, 0, 0]
SOD and SDD errors:  [183, 243.97518918921327]
Metrics: 
 SSIM: 0.99998749 	 MAE: 0.00032928 	 RMSE: 0.00112388 	 RE: 0.00000412 	 ZNCC: 1.12465901
   SOD  SOD Error         SDD   SDD Error  \
0  283        183  383.975189  243.975189   

                                     Rotating Angles      SSIM       MAE  \
0  [2.058311471006977, 17.631897863465333, 2.8656...  0.999987  0.000329   

       RMSE  Relative Error      ZNCC       Time  
0  0.001124        0.000004  1.124659  78.043412  
Prediction: [209, 286.49791905840306, 0.4761159699747388, 17.952856958388217, 0.7606304690679799, -18.812902902217658, 14.407998510083019, -0.586702736242529, -10.636780712870738, -8.050892641968762, -10.345154300548774, 10.611491716600664, 17.710376004170108, -8.545280281674925, -16.037821448822726, -8.38151850913273, 2.217278507094459, -18.951054644730746, -3.4543923257880174, 6.086652450098839, -3.904596994903926, -4.779925732636837, -7.5696016935340324, -6.1253054146380315, -6.552697286305547, 13.007340146014869, 1.159198156384548, 16.01077459658, -13.61494362195744, 9.945897884956057, -7.597434699704394, -3.0216447627457157, 5.611330462769686, 9.208086784814281, -8.715042034733687, 6.338809488526099, 4.003878847264502, -4.797300870253697, -14.416886647163167, 15.891686397080335, -3.665718678478914, -16.535068397772072, 4.248426391952993, -0.265650652983215, -13.579565275874605, 12.307221656385444, 15.5797068572844, -15.897065415400164, 8.243588638656512, 16.44042138630018]
Target:  [100, 140, 0, 20, 0, -10, 0, 0, 5, 0, 0, 5, 0, 0, 0, 0, 0, 0, 0, 0, 0, 0, 0, 0, 0, 0, 0, 0, 0, 0, 0, 0, 0, 0, 0, 0, 0, 0, 0, 0, 0, 0, 0, 0, 0, 0, 0, 0, 0, 0]
SOD and SDD errors:  [109, 146.49791905840306]
Metrics: 
 SSIM: 0.99998969 	 MAE: 0.00025765 	 RMSE: 0.00091896 	 RE: 0.00000322 	 ZNCC: 1.21118196
   SOD  SOD Error         SDD   SDD Error  \
0  283        183  383.975189  243.975189   
1  209        109  286.497919  146.497919   

                                     Rotating Angles      SSIM       MAE  \
0  [2.058311471006977, 17.631897863465333, 2.8656...  0.999987  0.000329   
1  [0.4761159699747388, 17.952856958388217, 0.760...  0.999990  0.000258   

       RMSE  Relative Error      ZNCC       Time  
0  0.001124        0.000004  1.124659  78.043412  
1  0.000919        0.000003  1.211182  73.734752  
Prediction: [503, 689.5767850325375, -2.7614914667859196, 19.371730107805455, 11.831217625993492, -15.436839910168928, 18.851694175423233, 19.824482826201347, 14.59361903991632, -18.63504550577758, 10.618209294508091, -13.020347769939026, -8.86136419004172, 18.832944039702227, 12.585808331031991, 11.893563386343693, -7.518893212148781, -18.062793769507742, -2.876220336354642, -19.997580779262076, -3.6419705788430754, 4.319115366954627, 11.085423229242835, -18.93937261721577, -13.415643577408272, 16.1510741051181, -2.8129008169991323, -8.147701879746725, -11.348193578284352, 13.201932434069661, -4.9463243325634565, -6.7223228323849895, -4.502567166564999, -19.5651246533479, 17.628039449039655, -8.913845929964648, -15.542676468033179, 8.957412143214, -4.925483183833844, -18.46297520834943, -5.52225143135245, 1.162058347104491, -11.121035895704141, -5.015297097267677, -15.366743420348183, 7.022132236616436, -13.194694489298072, -16.439528386477377, 12.405993535963518, -15.517989354677692]
Target:  [100, 140, 0, 20, 0, -10, 0, 0, 5, 0, 0, 5, 0, 0, 0, 0, 0, 0, 0, 0, 0, 0, 0, 0, 0, 0, 0, 0, 0, 0, 0, 0, 0, 0, 0, 0, 0, 0, 0, 0, 0, 0, 0, 0, 0, 0, 0, 0, 0, 0]
SOD and SDD errors:  [403, 549.5767850325375]
Metrics: 
 SSIM: 0.99998612 	 MAE: 0.00031960 	 RMSE: 0.00106505 	 RE: 0.00000400 	 ZNCC: 1.11336914
   SOD  SOD Error         SDD   SDD Error  \
0  283        183  383.975189  243.975189   
1  209        109  286.497919  146.497919   
2  503        403  689.576785  549.576785   

                                     Rotating Angles      SSIM       MAE  \
0  [2.058311471006977, 17.631897863465333, 2.8656...  0.999987  0.000329   
1  [0.4761159699747388, 17.952856958388217, 0.760...  0.999990  0.000258   
2  [-2.7614914667859196, 19.371730107805455, 11.8...  0.999986  0.000320   

       RMSE  Relative Error      ZNCC       Time  
0  0.001124        0.000004  1.124659  78.043412  
1  0.000919        0.000003  1.211182  73.734752  
2  0.001065        0.000004  1.113369  75.452900  
Prediction: [168, 239.1099803093257, 1.4792905245243588, 13.271169541230748, 3.2912205183332865, -12.136010389762962, -12.02724991540749, 18.006656859839374, 16.676207578752752, 6.632243074765071, 13.541583793308256, 19.64483026956212, -18.789565142598406, 10.0975751737207, 13.725887175238128, -18.824435127779502, 18.569992910640714, -1.3957094324755026, 13.30090190126424, 8.493919128236833, -15.159345558877796, -17.532253823031326, 1.7853582129267522, 1.194982339643719, -10.077081247398226, 18.139390599804884, -4.672687552568782, -5.560451655952882, 13.536694489013485, 6.596250266977503, -8.767296184332118, -15.83065149304231, 14.564182696663998, 0.6000503589074739, -19.536621727669853, -2.1293877551558147, -5.437795426836022, 7.413896583456008, -8.217542005330095, 1.6794862120687952, 1.3718914732541094, -4.99747656940893, 8.46484816343883, -6.571763479414802, -8.109307502104723, 18.880870700860882, -12.163429427868317, -15.585204744025983, -17.675136848383232, 14.716613747597933]
Target:  [100, 140, 0, 20, 0, -10, 0, 0, 5, 0, 0, 5, 0, 0, 0, 0, 0, 0, 0, 0, 0, 0, 0, 0, 0, 0, 0, 0, 0, 0, 0, 0, 0, 0, 0, 0, 0, 0, 0, 0, 0, 0, 0, 0, 0, 0, 0, 0, 0, 0]
SOD and SDD errors:  [68, 99.10998030932569]
Metrics: 
 SSIM: 0.99998744 	 MAE: 0.00033175 	 RMSE: 0.00099406 	 RE: 0.00000415 	 ZNCC: 1.18702887
   SOD  SOD Error         SDD   SDD Error  \
0  283        183  383.975189  243.975189   
1  209        109  286.497919  146.497919   
2  503        403  689.576785  549.576785   
3  168         68  239.109980   99.109980   

                                     Rotating Angles      SSIM       MAE  \
0  [2.058311471006977, 17.631897863465333, 2.8656...  0.999987  0.000329   
1  [0.4761159699747388, 17.952856958388217, 0.760...  0.999990  0.000258   
2  [-2.7614914667859196, 19.371730107805455, 11.8...  0.999986  0.000320   
3  [1.4792905245243588, 13.271169541230748, 3.291...  0.999987  0.000332   

       RMSE  Relative Error      ZNCC       Time  
0  0.001124        0.000004  1.124659  78.043412  
1  0.000919        0.000003  1.211182  73.734752  
2  0.001065        0.000004  1.113369  75.452900  
3  0.000994        0.000004  1.187029  79.403265  
Prediction: [505, 687.7311594985347, 1.8479633846754417, 17.38277650952788, 2.7849822929817094, -10.848213341718234, -7.124006576916543, -17.8133102548089, 16.354674209661027, -15.60614684578567, 14.24011552875514, -14.68759082236855, -16.378446792293246, 1.0583277492434782, -18.451871538664086, 2.559425293720693, 14.027605970021824, -0.9787749356672784, 9.744335741282363, 17.847535130845543, -9.028856912581302, -19.158834562543653, 0.365790353964357, -7.869194054231411, 13.519389591380786, 16.103591518188985, -0.9431182268423335, 11.408794241323918, 10.509876080377694, 0.4417068084474529, 14.911624967984821, 7.553097017703159, 15.107628323814033, -3.6528856763126427, 3.6237043587161466, 1.8100428013201224, -1.9672182670194758, -9.86323612563632, 8.980042743339922, -1.5619637603456127, 12.768010288917381, 15.039324244328725, 18.52130250604901, 16.754521653880808, 10.088189535303776, -16.442736311293782, 5.79683321256724, 10.396288482971254, -17.68249038147374, -16.002044793084135]
Target:  [100, 140, 0, 20, 0, -10, 0, 0, 5, 0, 0, 5, 0, 0, 0, 0, 0, 0, 0, 0, 0, 0, 0, 0, 0, 0, 0, 0, 0, 0, 0, 0, 0, 0, 0, 0, 0, 0, 0, 0, 0, 0, 0, 0, 0, 0, 0, 0, 0, 0]
SOD and SDD errors:  [405, 547.7311594985347]
Metrics: 
 SSIM: 0.99998823 	 MAE: 0.00025966 	 RMSE: 0.00091143 	 RE: 0.00000325 	 ZNCC: 1.23252192
   SOD  SOD Error         SDD   SDD Error  \
0  283        183  383.975189  243.975189   
1  209        109  286.497919  146.497919   
2  503        403  689.576785  549.576785   
3  168         68  239.109980   99.109980   
4  505        405  687.731159  547.731159   

                                     Rotating Angles      SSIM       MAE  \
0  [2.058311471006977, 17.631897863465333, 2.8656...  0.999987  0.000329   
1  [0.4761159699747388, 17.952856958388217, 0.760...  0.999990  0.000258   
2  [-2.7614914667859196, 19.371730107805455, 11.8...  0.999986  0.000320   
3  [1.4792905245243588, 13.271169541230748, 3.291...  0.999987  0.000332   
4  [1.8479633846754417, 17.38277650952788, 2.7849...  0.999988  0.000260   

       RMSE  Relative Error      ZNCC       Time  
0  0.001124        0.000004  1.124659  78.043412  
1  0.000919        0.000003  1.211182  73.734752  
2  0.001065        0.000004  1.113369  75.452900  
3  0.000994        0.000004  1.187029  79.403265  
4  0.000911        0.000003  1.232522  75.126226  
Prediction: [144, 185.66744357718875, 2.0507431567397916, 16.38681881251388, -1.0219447615871111, -12.018642989294644, -7.174814493625039, 18.066521351878016, -10.97326813584251, 0.2585540673135043, 15.18028147038828, -5.20393010792143, 2.626236261579294, 15.634999452994123, 9.901429503552986, -5.8841777575636875, 6.705213660761441, 17.716400543670424, -8.406412796018326, -12.218197860807463, -6.659517072744951, 3.809808697109002, -6.46230570646598, -6.9215527355402084, -6.11755865163849, 4.1934922919454785, 1.8109191779534406, 18.34961149916718, -8.361873154866558, 4.6279177066967065, 10.18917637775673, 18.08384254597815, 5.555704598277039, 4.808606319225284, -8.25412966942836, 8.05743576679835, 1.1161344017830963, -9.003284557496919, 7.239429407023444, 14.35793831493882, 7.393809433095893, -12.517013246999259, -8.112361255256602, 12.730863806734966, 8.334001536125264, 8.305943000198596, -14.32866108459912, 16.242406741969482, 4.539285130747569, 9.806038807420833]
Target:  [100, 140, 0, 20, 0, -10, 0, 0, 5, 0, 0, 5, 0, 0, 0, 0, 0, 0, 0, 0, 0, 0, 0, 0, 0, 0, 0, 0, 0, 0, 0, 0, 0, 0, 0, 0, 0, 0, 0, 0, 0, 0, 0, 0, 0, 0, 0, 0, 0, 0]
SOD and SDD errors:  [44, 45.66744357718875]
Metrics: 
 SSIM: 0.99998650 	 MAE: 0.00031005 	 RMSE: 0.00105369 	 RE: 0.00000388 	 ZNCC: 1.12612116
   SOD  SOD Error         SDD   SDD Error  \
0  283        183  383.975189  243.975189   
1  209        109  286.497919  146.497919   
2  503        403  689.576785  549.576785   
3  168         68  239.109980   99.109980   
4  505        405  687.731159  547.731159   
5  144         44  185.667444   45.667444   

                                     Rotating Angles      SSIM       MAE  \
0  [2.058311471006977, 17.631897863465333, 2.8656...  0.999987  0.000329   
1  [0.4761159699747388, 17.952856958388217, 0.760...  0.999990  0.000258   
2  [-2.7614914667859196, 19.371730107805455, 11.8...  0.999986  0.000320   
3  [1.4792905245243588, 13.271169541230748, 3.291...  0.999987  0.000332   
4  [1.8479633846754417, 17.38277650952788, 2.7849...  0.999988  0.000260   
5  [2.0507431567397916, 16.38681881251388, -1.021...  0.999987  0.000310   

       RMSE  Relative Error      ZNCC       Time  
0  0.001124        0.000004  1.124659  78.043412  
1  0.000919        0.000003  1.211182  73.734752  
2  0.001065        0.000004  1.113369  75.452900  
3  0.000994        0.000004  1.187029  79.403265  
4  0.000911        0.000003  1.232522  75.126226  
5  0.001054        0.000004  1.126121  68.940514  
Prediction: [334, 460.86663347047426, -3.298090303045292, 16.87605780781562, 6.315198873708127, -14.530779832323217, -7.782854748271429, -6.53991427237456, 17.955462182371626, 2.1048679814222204, -18.208206673120877, 16.44372023705234, 12.251490404056739, 16.21192511956317, 8.956948529980284, 2.451916888091475, 3.079406360000231, 14.497095631255974, 9.490333381976306, -18.649697625674214, -5.290089973753149, 17.082944222529605, -3.8077882441667015, 1.7653667703277485, 12.036923401940157, -1.1243977665310645, 18.356465742157198, 19.728414628236735, 17.41724633881529, 5.241629257807578, -9.23244222392681, 5.886684229430827, -1.0563208619144575, -4.777492768373062, 11.261100434939326, 13.053273962928031, -10.236451338594343, 8.111236378245788, 0.157003162892984, -5.820231501293151, -8.650613937660982, 3.9808976689094138, 14.054259276099295, 11.866324899707315, -8.88931323322848, -1.8277434348090829, -5.834739765388379, 5.536054850642998, 7.9170339469907915, -10.789447128366735]
Target:  [100, 140, 0, 20, 0, -10, 0, 0, 5, 0, 0, 5, 0, 0, 0, 0, 0, 0, 0, 0, 0, 0, 0, 0, 0, 0, 0, 0, 0, 0, 0, 0, 0, 0, 0, 0, 0, 0, 0, 0, 0, 0, 0, 0, 0, 0, 0, 0, 0, 0]
SOD and SDD errors:  [234, 320.86663347047426]
Metrics: 
 SSIM: 0.99998596 	 MAE: 0.00030756 	 RMSE: 0.00102529 	 RE: 0.00000384 	 ZNCC: 1.12604137
   SOD  SOD Error         SDD   SDD Error  \
0  283        183  383.975189  243.975189   
1  209        109  286.497919  146.497919   
2  503        403  689.576785  549.576785   
3  168         68  239.109980   99.109980   
4  505        405  687.731159  547.731159   
5  144         44  185.667444   45.667444   
6  334        234  460.866633  320.866633   

                                     Rotating Angles      SSIM       MAE  \
0  [2.058311471006977, 17.631897863465333, 2.8656...  0.999987  0.000329   
1  [0.4761159699747388, 17.952856958388217, 0.760...  0.999990  0.000258   
2  [-2.7614914667859196, 19.371730107805455, 11.8...  0.999986  0.000320   
3  [1.4792905245243588, 13.271169541230748, 3.291...  0.999987  0.000332   
4  [1.8479633846754417, 17.38277650952788, 2.7849...  0.999988  0.000260   
5  [2.0507431567397916, 16.38681881251388, -1.021...  0.999987  0.000310   
6  [-3.298090303045292, 16.87605780781562, 6.3151...  0.999986  0.000308   

       RMSE  Relative Error      ZNCC       Time  
0  0.001124        0.000004  1.124659  78.043412  
1  0.000919        0.000003  1.211182  73.734752  
2  0.001065        0.000004  1.113369  75.452900  
3  0.000994        0.000004  1.187029  79.403265  
4  0.000911        0.000003  1.232522  75.126226  
5  0.001054        0.000004  1.126121  68.940514  
6  0.001025        0.000004  1.126041  69.440017  
Prediction: [217, 298.20645764279527, 3.0686728239135874, 15.804231983329025, -4.210360064167169, -5.64041079722343, 16.606136010994483, -18.401846681601572, -3.263868768742526, 18.120515556470778, -4.256892937519737, -2.9453644322212647, -15.070757187576369, -8.047825739678087, 5.735911917277395, 0.6894682721220633, -5.173911205620039, 11.190484219854358, -7.811488945100544, -18.304314425631382, 4.746463640957195, 7.7963906802598295, -4.52967506798629, -18.852269288563626, -1.1446512973778695, 19.42895161266476, -7.342194334769809, 13.254647135865198, -7.674156269393176, -14.497424243112347, -11.544972029409198, -5.403980919644923, -9.928884530225769, -10.507796219378571, 12.004490177957209, -6.09958324344281, -11.503245609666513, -10.608204617916606, -13.206412376852551, 12.189610791094701, 12.297205412015188, -12.209332096284413, 7.928314426849887, 11.837141383762834, 12.224914364852289, 10.432093665302837, -11.85684296309688, -13.94941912414116, 10.45352997206665, 9.396566060130866]
Target:  [100, 140, 0, 20, 0, -10, 0, 0, 5, 0, 0, 5, 0, 0, 0, 0, 0, 0, 0, 0, 0, 0, 0, 0, 0, 0, 0, 0, 0, 0, 0, 0, 0, 0, 0, 0, 0, 0, 0, 0, 0, 0, 0, 0, 0, 0, 0, 0, 0, 0]
SOD and SDD errors:  [117, 158.20645764279527]
Metrics: 
 SSIM: 0.99998660 	 MAE: 0.00030506 	 RMSE: 0.00097432 	 RE: 0.00000381 	 ZNCC: 1.16811487
   SOD  SOD Error         SDD   SDD Error  \
0  283        183  383.975189  243.975189   
1  209        109  286.497919  146.497919   
2  503        403  689.576785  549.576785   
3  168         68  239.109980   99.109980   
4  505        405  687.731159  547.731159   
5  144         44  185.667444   45.667444   
6  334        234  460.866633  320.866633   
7  217        117  298.206458  158.206458   

                                     Rotating Angles      SSIM       MAE  \
0  [2.058311471006977, 17.631897863465333, 2.8656...  0.999987  0.000329   
1  [0.4761159699747388, 17.952856958388217, 0.760...  0.999990  0.000258   
2  [-2.7614914667859196, 19.371730107805455, 11.8...  0.999986  0.000320   
3  [1.4792905245243588, 13.271169541230748, 3.291...  0.999987  0.000332   
4  [1.8479633846754417, 17.38277650952788, 2.7849...  0.999988  0.000260   
5  [2.0507431567397916, 16.38681881251388, -1.021...  0.999987  0.000310   
6  [-3.298090303045292, 16.87605780781562, 6.3151...  0.999986  0.000308   
7  [3.0686728239135874, 15.804231983329025, -4.21...  0.999987  0.000305   

       RMSE  Relative Error      ZNCC       Time  
0  0.001124        0.000004  1.124659  78.043412  
1  0.000919        0.000003  1.211182  73.734752  
2  0.001065        0.000004  1.113369  75.452900  
3  0.000994        0.000004  1.187029  79.403265  
4  0.000911        0.000003  1.232522  75.126226  
5  0.001054        0.000004  1.126121  68.940514  
6  0.001025        0.000004  1.126041  69.440017  
7  0.000974        0.000004  1.168115  72.924948  
Prediction: [687, 942.99489734482, 1.4874912030915013, 11.776080769164725, 5.013508639557248, -1.9775887235239438, -8.779248868522828, -12.89193450518907, -2.3810536291679156, 12.981968841123688, 4.008179790634195, -13.506094159778709, 5.2300318854505115, 9.194897617154353, -16.66796149691916, -0.02641556930981892, -8.031942747373266, -14.815464863720273, 8.348282731528663, -8.275953756823316, -11.391066866081957, 15.980909042903939, 2.114094048939954, 19.21432524494972, 3.0585652236003114, 12.200969197692395, -17.80107057040505, -8.661498021881865, 7.9438457130501945, -11.65078180927944, -2.659532562743429, 10.331082137526437, -11.274697766547082, -17.564975353068192, 14.806924524558504, 14.727065615737054, 14.942807876351416, 12.631875090065847, -4.821026696079734, -9.01747851007781, -14.938959657638598, -17.464490157099917, -6.071602700207887, -4.848634351697761, -3.291664020340871, -6.894892075387965, -2.490657358477449, -7.860376425272367, 15.434734033860103, -0.3601602926415062]
Target:  [100, 140, 0, 20, 0, -10, 0, 0, 5, 0, 0, 5, 0, 0, 0, 0, 0, 0, 0, 0, 0, 0, 0, 0, 0, 0, 0, 0, 0, 0, 0, 0, 0, 0, 0, 0, 0, 0, 0, 0, 0, 0, 0, 0, 0, 0, 0, 0, 0, 0]
SOD and SDD errors:  [587, 802.99489734482]
Metrics: 
 SSIM: 0.99998696 	 MAE: 0.00029805 	 RMSE: 0.00093914 	 RE: 0.00000373 	 ZNCC: 1.19581617
   SOD  SOD Error         SDD   SDD Error  \
0  283        183  383.975189  243.975189   
1  209        109  286.497919  146.497919   
2  503        403  689.576785  549.576785   
3  168         68  239.109980   99.109980   
4  505        405  687.731159  547.731159   
5  144         44  185.667444   45.667444   
6  334        234  460.866633  320.866633   
7  217        117  298.206458  158.206458   
8  687        587  942.994897  802.994897   

                                     Rotating Angles      SSIM       MAE  \
0  [2.058311471006977, 17.631897863465333, 2.8656...  0.999987  0.000329   
1  [0.4761159699747388, 17.952856958388217, 0.760...  0.999990  0.000258   
2  [-2.7614914667859196, 19.371730107805455, 11.8...  0.999986  0.000320   
3  [1.4792905245243588, 13.271169541230748, 3.291...  0.999987  0.000332   
4  [1.8479633846754417, 17.38277650952788, 2.7849...  0.999988  0.000260   
5  [2.0507431567397916, 16.38681881251388, -1.021...  0.999987  0.000310   
6  [-3.298090303045292, 16.87605780781562, 6.3151...  0.999986  0.000308   
7  [3.0686728239135874, 15.804231983329025, -4.21...  0.999987  0.000305   
8  [1.4874912030915013, 11.776080769164725, 5.013...  0.999987  0.000298   

       RMSE  Relative Error      ZNCC       Time  
0  0.001124        0.000004  1.124659  78.043412  
1  0.000919        0.000003  1.211182  73.734752  
2  0.001065        0.000004  1.113369  75.452900  
3  0.000994        0.000004  1.187029  79.403265  
4  0.000911        0.000003  1.232522  75.126226  
5  0.001054        0.000004  1.126121  68.940514  
6  0.001025        0.000004  1.126041  69.440017  
7  0.000974        0.000004  1.168115  72.924948  
8  0.000939        0.000004  1.195816  70.548303  
Prediction: [367, 509.8046395821624, 2.2896248630703795, 19.094847547701477, 8.625093636960386, -5.760575625640293, 18.327933760598974, 7.598112148211925, 18.661970454150236, 10.386135510821287, 6.689046033223281, 16.10745514571243, 16.406289074940148, -6.7524976377211345, -14.275632861967221, -0.026332498247654712, -10.135208295913918, 3.1294333290711798, -4.106140524147776, -14.38430258284011, 10.137937105409183, 6.330328845606431, 1.3776146125032938, -1.364313108471471, 7.309777129280572, -10.429884160709832, -2.874569444213634, 7.052406477354239, -8.225429122522886, -3.252126307859548, -4.307619595185713, 16.22896716957205, 7.111954001295185, -15.145817472275262, -10.940332979852393, 14.326549393093487, 9.102967942911675, -9.20499334928083, -9.282722730797172, -0.6186352029815296, -14.157794502559643, 1.6239799471832015, 17.51789730953633, -1.1897751672897563, 17.144738306534194, 8.947467998993414, -14.160150954940235, -6.103769258801378, -3.638035715337409, -0.015811846413249953]
Target:  [100, 140, 0, 20, 0, -10, 0, 0, 5, 0, 0, 5, 0, 0, 0, 0, 0, 0, 0, 0, 0, 0, 0, 0, 0, 0, 0, 0, 0, 0, 0, 0, 0, 0, 0, 0, 0, 0, 0, 0, 0, 0, 0, 0, 0, 0, 0, 0, 0, 0]
SOD and SDD errors:  [267, 369.8046395821624]
Metrics: 
 SSIM: 0.99998774 	 MAE: 0.00026590 	 RMSE: 0.00088239 	 RE: 0.00000332 	 ZNCC: 1.22387354
   SOD  SOD Error         SDD   SDD Error  \
0  283        183  383.975189  243.975189   
1  209        109  286.497919  146.497919   
2  503        403  689.576785  549.576785   
3  168         68  239.109980   99.109980   
4  505        405  687.731159  547.731159   
5  144         44  185.667444   45.667444   
6  334        234  460.866633  320.866633   
7  217        117  298.206458  158.206458   
8  687        587  942.994897  802.994897   
9  367        267  509.804640  369.804640   

                                     Rotating Angles      SSIM       MAE  \
0  [2.058311471006977, 17.631897863465333, 2.8656...  0.999987  0.000329   
1  [0.4761159699747388, 17.952856958388217, 0.760...  0.999990  0.000258   
2  [-2.7614914667859196, 19.371730107805455, 11.8...  0.999986  0.000320   
3  [1.4792905245243588, 13.271169541230748, 3.291...  0.999987  0.000332   
4  [1.8479633846754417, 17.38277650952788, 2.7849...  0.999988  0.000260   
5  [2.0507431567397916, 16.38681881251388, -1.021...  0.999987  0.000310   
6  [-3.298090303045292, 16.87605780781562, 6.3151...  0.999986  0.000308   
7  [3.0686728239135874, 15.804231983329025, -4.21...  0.999987  0.000305   
8  [1.4874912030915013, 11.776080769164725, 5.013...  0.999987  0.000298   
9  [2.2896248630703795, 19.094847547701477, 8.625...  0.999988  0.000266   

       RMSE  Relative Error      ZNCC       Time  
0  0.001124        0.000004  1.124659  78.043412  
1  0.000919        0.000003  1.211182  73.734752  
2  0.001065        0.000004  1.113369  75.452900  
3  0.000994        0.000004  1.187029  79.403265  
4  0.000911        0.000003  1.232522  75.126226  
5  0.001054        0.000004  1.126121  68.940514  
6  0.001025        0.000004  1.126041  69.440017  
7  0.000974        0.000004  1.168115  72.924948  
8  0.000939        0.000004  1.195816  70.548303  
9  0.000882        0.000003  1.223874  73.185135  
Saving to csv file...
gvxrStatus:	Quit and destroy all the windows
gvxrStatus:	Destroy all the windows
gvxrStatus:	Destroy window 0(0x3637b80)
Delete node: root
Delete node: node-Trapezio
Delete node: node-Hamate
Delete node: node-Trapeziu
Delete node: node-Pisiform
Delete node: node-Ind_Meta
Delete node: node-Ind_Prox
Delete node: node-Ind_Midd
Delete node: node-Ind_Dist
Delete node: node-Capitate
Delete node: node-Mid_Meta
Delete node: node-Mid_Prox
Delete node: node-Mid_Midd
Delete node: node-Mid_Dist
Delete node: node-Thi_Meta
Delete node: node-Thi_Prox
Delete node: node-Thi_Midd
Delete node: node-Thi_Dist
Delete node: node-Lit_Meta
Delete node: node-Lit_Prox
Delete node: node-Lit_Midd
Delete node: node-Lit_Dist
Delete node: node-Scaphoid
Delete node: node-Lunate
Delete node: node-Triangul
Delete node: node-Thu_Meta
Delete node: node-Thu_Prox
Delete node: node-Thu_Dist
